# relative_time, cycles_done, cur_item, corpus_count, pending_total, pending_favs, map_size, saved_crashes, saved_hangs, max_depth, execs_per_sec, total_execs, edges_found, total_crashes, servers_count
61, 11, 248, 300, 3, 0, 8.93%, 0, 0, 13, 12496.05, 745405, 713, 0, 0
66, 12, 189, 311, 5, 0, 9.02%, 0, 0, 13, 12541.89, 810485, 720, 0, 0
71, 14, 59, 311, 2, 0, 9.02%, 0, 0, 13, 12527.99, 875353, 720, 0, 0
76, 15, 257, 312, 2, 0, 9.02%, 0, 0, 13, 12574.45, 938873, 720, 0, 0
81, 16, 303, 314, 3, 0, 9.02%, 0, 0, 13, 12359.12, 1002770, 720, 0, 0
86, 17, 22, 315, 3, 0, 9.02%, 0, 0, 13, 12436.31, 1065581, 720, 0, 0
91, 18, 305, 319, 2, 0, 9.07%, 0, 0, 14, 12317.01, 1128470, 724, 0, 0
97, 19, 265, 319, 0, 0, 9.07%, 0, 0, 14, 12449.08, 1192884, 724, 0, 0
102, 21, 1, 319, 0, 0, 9.07%, 0, 0, 14, 12611.35, 1256697, 724, 0, 0
107, 22, 130, 320, 0, 0, 9.07%, 0, 0, 14, 12614.41, 1321422, 724, 0, 0
112, 23, 152, 322, 1, 0, 9.07%, 0, 0, 14, 12411.48, 1383663, 724, 0, 0
117, 24, 53, 322, 0, 0, 9.07%, 0, 0, 14, 12418.03, 1446876, 724, 0, 0
122, 25, 257, 323, 0, 0, 9.08%, 0, 0, 14, 12563.00, 1509836, 725, 0, 0
127, 26, 96, 323, 0, 0, 9.08%, 0, 0, 14, 12618.51, 1575217, 725, 0, 0
132, 27, 316, 323, 0, 0, 9.08%, 0, 0, 14, 12632.40, 1639435, 725, 0, 0
137, 28, 326, 337, 13, 2, 9.22%, 0, 0, 17, 10950.11, 1694713, 736, 0, 0
143, 29, 79, 340, 8, 0, 9.22%, 0, 0, 18, 11159.55, 1750646, 736, 0, 0
148, 29, 340, 343, 6, 0, 9.22%, 0, 0, 18, 11420.18, 1807445, 736, 0, 0
153, 30, 257, 343, 3, 0, 9.22%, 0, 0, 18, 11827.62, 1865962, 736, 0, 0
158, 31, 261, 347, 4, 0, 9.22%, 0, 0, 18, 11586.06, 1922864, 736, 0, 0
163, 32, 347, 348, 3, 0, 9.22%, 0, 0, 18, 11864.55, 1983998, 736, 0, 0
168, 33, 267, 349, 2, 0, 9.23%, 0, 0, 18, 11778.67, 2043714, 737, 0, 0
173, 34, 257, 350, 2, 0, 9.23%, 0, 0, 18, 12210.19, 2107055, 737, 0, 0
178, 35, 319, 350, 1, 0, 9.23%, 0, 0, 18, 12243.51, 2167647, 737, 0, 0
183, 36, 184, 351, 0, 0, 9.24%, 0, 0, 18, 12284.72, 2229601, 738, 0, 0
189, 37, 336, 351, 0, 0, 9.24%, 0, 0, 18, 12294.89, 2292302, 738, 0, 0
194, 37, 229, 351, 0, 0, 9.24%, 0, 0, 18, 12262.00, 2352952, 738, 0, 0
199, 38, 47, 351, 0, 0, 9.24%, 0, 0, 18, 12250.01, 2414145, 738, 0, 0
204, 39, 293, 351, 0, 0, 9.24%, 0, 0, 18, 12365.19, 2474652, 738, 0, 0
209, 40, 317, 351, 0, 0, 9.24%, 0, 0, 18, 12338.78, 2534490, 738, 0, 0
214, 41, 163, 351, 0, 0, 9.24%, 0, 0, 18, 12246.06, 2595263, 738, 0, 0
219, 42, 47, 351, 0, 0, 9.24%, 0, 0, 18, 11989.32, 2657109, 738, 0, 0
224, 43, 348, 351, 0, 0, 9.24%, 0, 0, 18, 12086.26, 2717468, 738, 0, 0
229, 44, 304, 351, 0, 0, 9.24%, 0, 0, 18, 11921.97, 2774841, 738, 0, 0
235, 45, 306, 351, 0, 0, 9.24%, 0, 0, 18, 12136.48, 2838432, 738, 0, 0
240, 46, 335, 352, 1, 0, 9.24%, 0, 0, 18, 11746.15, 2899412, 738, 0, 0
245, 47, 100, 352, 0, 0, 9.24%, 0, 0, 18, 12053.25, 2962031, 738, 0, 0
250, 48, 305, 352, 0, 0, 9.24%, 0, 0, 18, 12369.61, 3026402, 738, 0, 0
255, 49, 333, 352, 0, 0, 9.24%, 0, 0, 18, 12336.13, 3086839, 738, 0, 0
261, 50, 228, 352, 0, 0, 9.24%, 0, 0, 18, 12371.94, 3149723, 738, 0, 0
266, 51, 46, 352, 0, 0, 9.24%, 0, 0, 18, 12239.16, 3209481, 738, 0, 0
271, 51, 336, 352, 0, 0, 9.24%, 0, 0, 18, 12097.58, 3269459, 738, 0, 0
276, 52, 59, 352, 0, 0, 9.24%, 0, 0, 18, 11915.88, 3331013, 738, 0, 0
281, 53, 350, 352, 0, 0, 9.24%, 0, 0, 18, 11556.69, 3390436, 738, 0, 0
286, 54, 350, 352, 0, 0, 9.24%, 0, 0, 18, 10526.15, 3444622, 738, 0, 0
291, 55, 323, 353, 0, 0, 9.24%, 0, 0, 18, 11146.07, 3501354, 738, 0, 0
296, 56, 350, 354, 0, 0, 9.24%, 0, 0, 19, 11160.69, 3558344, 738, 0, 0
301, 57, 2, 355, 1, 0, 9.24%, 0, 0, 19, 11319.98, 3617000, 738, 0, 0
307, 58, 227, 356, 1, 0, 9.24%, 0, 0, 19, 10765.92, 3670091, 738, 0, 0
312, 59, 355, 356, 1, 0, 9.24%, 0, 0, 19, 11073.54, 3726359, 738, 0, 0
317, 59, 105, 356, 0, 0, 9.24%, 0, 0, 19, 11000.85, 3781048, 738, 0, 0
322, 60, 176, 356, 0, 0, 9.24%, 0, 0, 19, 11480.85, 3838494, 738, 0, 0
327, 61, 356, 358, 2, 0, 9.24%, 0, 0, 19, 11204.55, 3894146, 738, 0, 0
332, 62, 264, 358, 0, 0, 9.24%, 0, 0, 19, 11473.54, 3949343, 738, 0, 0
337, 63, 316, 359, 0, 0, 9.25%, 0, 0, 19, 11660.02, 4007819, 739, 0, 0
342, 64, 319, 359, 0, 0, 9.25%, 0, 0, 19, 11884.04, 4069981, 739, 0, 0
348, 65, 345, 359, 0, 0, 9.25%, 0, 0, 19, 12037.73, 4131157, 739, 0, 0
353, 66, 336, 359, 0, 0, 9.25%, 0, 0, 19, 12072.62, 4193677, 739, 0, 0
358, 67, 350, 359, 0, 0, 9.25%, 0, 0, 19, 12197.92, 4256768, 739, 0, 0
363, 68, 348, 360, 1, 0, 9.25%, 0, 0, 19, 11822.16, 4317949, 739, 0, 0
368, 69, 350, 361, 0, 0, 9.25%, 0, 0, 19, 11526.45, 4375581, 739, 0, 0
373, 70, 309, 361, 0, 0, 9.25%, 0, 0, 19, 12029.23, 4438197, 739, 0, 0
378, 71, 26, 361, 0, 0, 9.25%, 0, 0, 19, 11917.97, 4500066, 739, 0, 0
384, 71, 46, 361, 0, 0, 9.25%, 0, 0, 19, 11814.68, 4560302, 739, 0, 0
389, 72, 304, 361, 0, 0, 9.25%, 0, 0, 19, 12033.24, 4620489, 739, 0, 0
394, 73, 345, 361, 0, 0, 9.25%, 0, 0, 19, 11959.45, 4682175, 739, 0, 0
399, 74, 298, 361, 0, 0, 9.25%, 0, 0, 19, 12003.68, 4742123, 739, 0, 0
404, 75, 221, 361, 0, 0, 9.25%, 0, 0, 19, 11901.52, 4804420, 739, 0, 0
409, 76, 358, 361, 0, 0, 9.25%, 0, 0, 19, 12145.02, 4867988, 739, 0, 0
414, 78, 253, 361, 0, 0, 9.25%, 0, 0, 19, 12016.53, 4930154, 739, 0, 0
420, 79, 304, 361, 0, 0, 9.25%, 0, 0, 19, 12011.72, 4992024, 739, 0, 0
425, 80, 285, 361, 0, 0, 9.25%, 0, 0, 19, 11993.11, 5053621, 739, 0, 0
430, 81, 316, 361, 0, 0, 9.25%, 0, 0, 19, 12078.73, 5115045, 739, 0, 0
435, 82, 177, 361, 0, 0, 9.25%, 0, 0, 19, 12174.02, 5178316, 739, 0, 0
440, 83, 353, 361, 0, 0, 9.25%, 0, 0, 19, 12042.49, 5240830, 739, 0, 0
445, 83, 112, 362, 0, 0, 9.25%, 0, 0, 20, 11918.15, 5301355, 739, 0, 0
450, 84, 319, 362, 0, 0, 9.25%, 0, 0, 20, 11914.28, 5364142, 739, 0, 0
455, 86, 102, 362, 0, 0, 9.25%, 0, 0, 20, 11628.60, 5423149, 739, 0, 0
461, 87, 336, 364, 2, 0, 9.25%, 0, 0, 20, 11756.99, 5484393, 739, 0, 0
466, 88, 348, 364, 1, 0, 9.25%, 0, 0, 20, 11868.38, 5546177, 739, 0, 0
471, 88, 358, 365, 1, 0, 9.25%, 0, 0, 20, 11797.93, 5606669, 739, 0, 0
476, 89, 319, 365, 0, 0, 9.25%, 0, 0, 20, 11960.80, 5668480, 739, 0, 0
481, 90, 357, 365, 0, 0, 9.25%, 0, 0, 20, 12033.05, 5729482, 739, 0, 0
486, 91, 358, 365, 0, 0, 9.25%, 0, 0, 20, 12100.45, 5791856, 739, 0, 0
491, 92, 92, 365, 0, 0, 9.25%, 0, 0, 20, 12160.36, 5852977, 739, 0, 0
497, 93, 358, 365, 0, 0, 9.25%, 0, 0, 20, 12106.08, 5916004, 739, 0, 0
502, 94, 358, 366, 1, 0, 9.25%, 0, 0, 20, 11952.53, 5976196, 739, 0, 0
507, 95, 253, 367, 2, 0, 9.25%, 0, 0, 20, 11823.75, 6036855, 739, 0, 0
512, 96, 191, 368, 0, 0, 9.25%, 0, 0, 21, 12195.53, 6100341, 739, 0, 0
517, 97, 358, 368, 0, 0, 9.25%, 0, 0, 21, 12048.24, 6161630, 739, 0, 0
523, 98, 368, 369, 1, 0, 9.25%, 0, 0, 21, 11741.76, 6228469, 739, 0, 0
528, 99, 229, 369, 0, 0, 9.25%, 0, 0, 21, 12282.33, 6291816, 739, 0, 0
533, 100, 153, 369, 0, 0, 9.25%, 0, 0, 21, 12265.64, 6355826, 739, 0, 0
539, 101, 100, 369, 0, 0, 9.25%, 0, 0, 21, 12299.90, 6419148, 739, 0, 0
544, 102, 100, 369, 0, 0, 9.25%, 0, 0, 21, 12271.33, 6482871, 739, 0, 0
549, 103, 276, 369, 0, 0, 9.25%, 0, 0, 21, 12238.27, 6545746, 739, 0, 0
554, 104, 38, 369, 0, 0, 9.25%, 0, 0, 21, 12256.31, 6609199, 739, 0, 0
559, 105, 22, 369, 0, 0, 9.25%, 0, 0, 21, 12387.28, 6672722, 739, 0, 0
564, 106, 83, 369, 0, 0, 9.25%, 0, 0, 21, 12198.94, 6735545, 739, 0, 0
569, 107, 305, 369, 0, 0, 9.25%, 0, 0, 21, 12240.75, 6798652, 739, 0, 0
575, 108, 291, 369, 0, 0, 9.25%, 0, 0, 21, 12367.93, 6862601, 739, 0, 0
580, 109, 17, 370, 1, 0, 9.25%, 0, 0, 21, 11365.92, 6920571, 739, 0, 0
585, 110, 304, 370, 1, 0, 9.25%, 0, 0, 21, 11666.56, 6981654, 739, 0, 0
590, 111, 350, 371, 1, 0, 9.25%, 0, 0, 21, 11555.85, 7040412, 739, 0, 0
595, 112, 121, 371, 0, 0, 9.25%, 0, 0, 21, 11583.09, 7097450, 739, 0, 0
602, 113, 373, 378, 7, 1, 9.27%, 0, 0, 21, 11241.14, 7165875, 740, 0, 0
607, 113, 420, 427, 54, 4, 9.34%, 0, 0, 21, 7844.31, 7197512, 746, 0, 0
614, 113, 415, 444, 70, 4, 9.36%, 0, 0, 21, 6387.54, 7242981, 747, 0, 0
620, 113, 439, 446, 71, 3, 9.36%, 0, 0, 21, 4943.94, 7270184, 747, 0, 0
625, 113, 424, 447, 70, 1, 9.36%, 0, 0, 21, 4981.81, 7307673, 747, 0, 0
630, 113, 442, 447, 68, 0, 9.36%, 0, 0, 21, 5157.40, 7342989, 747, 0, 0
636, 113, 418, 450, 69, 0, 9.36%, 0, 0, 21, 5528.77, 7379752, 747, 0, 0
641, 113, 449, 460, 76, 0, 9.36%, 0, 0, 21, 5875.50, 7410968, 747, 0, 0
648, 113, 465, 466, 73, 1, 9.36%, 0, 0, 21, 5346.33, 7444458, 747, 0, 0
653, 113, 388, 468, 64, 0, 9.36%, 0, 0, 21, 4971.95, 7470521, 747, 0, 0
658, 113, 467, 472, 62, 0, 9.36%, 0, 0, 21, 3202.14, 7485536, 747, 0, 0
663, 113, 450, 474, 58, 0, 9.36%, 0, 0, 21, 3323.07, 7502021, 747, 0, 0
670, 113, 473, 475, 54, 0, 9.36%, 0, 0, 21, 387.54, 7512313, 747, 0, 0
675, 113, 380, 476, 50, 0, 9.36%, 0, 0, 21, 7308.99, 7521975, 747, 0, 0
680, 113, 385, 480, 42, 0, 9.36%, 0, 0, 21, 6102.80, 7550391, 747, 0, 0
685, 113, 479, 480, 33, 0, 9.36%, 0, 0, 21, 6301.98, 7568531, 747, 0, 0
690, 113, 23, 480, 28, 0, 9.36%, 0, 0, 21, 4596.27, 7593397, 747, 0, 0
695, 113, 475, 480, 21, 0, 9.36%, 0, 0, 21, 1122.86, 7613299, 747, 0, 0
701, 114, 480, 481, 16, 0, 9.36%, 0, 0, 21, 7709.82, 7630690, 747, 0, 0
706, 114, 440, 481, 13, 0, 9.36%, 0, 0, 21, 4888.36, 7644301, 747, 0, 0
711, 114, 305, 481, 6, 0, 9.36%, 0, 0, 21, 5016.25, 7667748, 747, 0, 0
716, 114, 481, 482, 3, 0, 9.36%, 0, 0, 21, 8865.68, 7717456, 747, 0, 0
721, 114, 485, 487, 5, 0, 9.36%, 0, 0, 21, 9731.20, 7764697, 747, 0, 0
728, 115, 381, 487, 1, 0, 9.36%, 0, 0, 21, 10144.56, 7831104, 747, 0, 0
733, 115, 358, 490, 1, 0, 9.36%, 0, 0, 21, 10074.53, 7881743, 747, 0, 0
738, 116, 130, 490, 0, 0, 9.36%, 0, 0, 21, 10193.26, 7934313, 747, 0, 0
743, 116, 483, 490, 0, 0, 9.36%, 0, 0, 21, 9719.02, 7982518, 747, 0, 0
748, 117, 307, 491, 0, 0, 9.36%, 0, 0, 21, 11458.13, 8017265, 747, 0, 0
753, 117, 120, 491, 0, 0, 9.36%, 0, 0, 21, 9240.93, 8062368, 747, 0, 0
758, 117, 481, 491, 0, 0, 9.36%, 0, 0, 21, 9874.46, 8114643, 747, 0, 0
764, 118, 483, 492, 0, 0, 9.36%, 0, 0, 21, 10729.91, 8159155, 747, 0, 0
769, 118, 253, 492, 0, 0, 9.36%, 0, 0, 21, 10041.15, 8204308, 747, 0, 0
774, 119, 103, 493, 0, 0, 9.36%, 0, 0, 21, 10215.45, 8255553, 747, 0, 0
779, 119, 484, 493, 0, 0, 9.36%, 0, 0, 21, 9898.94, 8305656, 747, 0, 0
784, 120, 71, 493, 0, 0, 9.36%, 0, 0, 21, 10087.46, 8355389, 747, 0, 0
789, 120, 488, 493, 0, 0, 9.36%, 0, 0, 21, 10226.18, 8408650, 747, 0, 0
794, 120, 253, 493, 0, 0, 9.36%, 0, 0, 21, 9675.90, 8456229, 747, 0, 0
799, 121, 483, 494, 0, 0, 9.36%, 0, 0, 21, 1993.67, 8496516, 747, 0, 0
804, 121, 483, 494, 0, 0, 9.36%, 0, 0, 21, 10175.15, 8533784, 747, 0, 0
809, 121, 165, 494, 0, 0, 9.36%, 0, 0, 21, 10089.97, 8584008, 747, 0, 0
814, 122, 146, 494, 0, 0, 9.36%, 0, 0, 21, 10033.78, 8634977, 747, 0, 0
821, 122, 452, 495, 1, 0, 9.36%, 0, 0, 21, 9713.29, 8699888, 747, 0, 0
826, 123, 304, 496, 1, 0, 9.36%, 0, 0, 21, 9692.40, 8750325, 747, 0, 0
831, 123, 328, 496, 0, 0, 9.36%, 0, 0, 21, 10283.22, 8801914, 747, 0, 0
836, 123, 304, 496, 0, 0, 9.36%, 0, 0, 21, 10353.83, 8853184, 747, 0, 0
842, 124, 334, 496, 0, 0, 9.36%, 0, 0, 21, 9070.13, 8884075, 747, 0, 0
847, 124, 482, 496, 0, 0, 9.36%, 0, 0, 21, 9807.89, 8934683, 747, 0, 0
852, 125, 239, 496, 0, 0, 9.36%, 0, 0, 21, 10308.81, 8987352, 747, 0, 0
857, 125, 488, 499, 2, 0, 9.36%, 0, 0, 21, 9589.80, 9036832, 747, 0, 0
863, 125, 498, 499, 2, 0, 9.36%, 0, 0, 21, 9700.58, 9089801, 747, 0, 0
868, 126, 345, 500, 0, 0, 9.37%, 0, 0, 21, 9873.82, 9136902, 748, 0, 0
873, 126, 500, 503, 3, 0, 9.37%, 0, 0, 21, 584.08, 9161573, 748, 0, 0
879, 126, 504, 505, 3, 1, 9.39%, 0, 0, 21, 6413.70, 9182600, 750, 0, 0
884, 126, 488, 506, 2, 0, 9.41%, 0, 0, 21, 9702.36, 9215114, 751, 0, 0
889, 126, 317, 507, 1, 0, 9.42%, 0, 0, 21, 8356.61, 9253794, 752, 0, 0
895, 127, 488, 507, 0, 0, 9.42%, 0, 0, 21, 7958.82, 9279286, 752, 0, 0
900, 127, 499, 508, 1, 0, 9.42%, 0, 0, 21, 8366.89, 9321947, 752, 0, 0
905, 127, 507, 512, 5, 0, 9.42%, 0, 0, 21, 4167.72, 9339226, 752, 0, 0
910, 127, 505, 512, 3, 0, 9.42%, 0, 0, 21, 4796.91, 9360969, 752, 0, 0
915, 127, 509, 514, 3, 0, 9.42%, 0, 0, 22, 4999.66, 9385162, 752, 0, 0
921, 127, 506, 515, 2, 0, 9.42%, 0, 0, 22, 8211.06, 9421769, 752, 0, 0
926, 127, 506, 515, 1, 0, 9.42%, 0, 0, 22, 8986.63, 9457983, 752, 0, 0
932, 127, 226, 515, 0, 0, 9.42%, 0, 0, 22, 8737.60, 9499788, 752, 0, 0
937, 128, 506, 516, 1, 0, 9.42%, 0, 0, 22, 8583.44, 9543149, 752, 0, 0
942, 128, 506, 516, 0, 0, 9.42%, 0, 0, 22, 9034.83, 9568666, 752, 0, 0
947, 128, 499, 516, 0, 0, 9.42%, 0, 0, 22, 9339.03, 9615922, 752, 0, 0
952, 128, 505, 517, 0, 0, 9.46%, 0, 0, 22, 9378.23, 9662469, 755, 0, 0
957, 129, 488, 518, 0, 0, 9.47%, 0, 0, 22, 10531.45, 9716041, 756, 0, 0
962, 129, 322, 518, 0, 0, 9.47%, 0, 0, 22, 9225.63, 9759400, 756, 0, 0
967, 129, 505, 518, 0, 0, 9.47%, 0, 0, 22, 9271.49, 9807352, 756, 0, 0
972, 129, 471, 518, 0, 0, 9.47%, 0, 0, 22, 9213.83, 9853659, 756, 0, 0
978, 130, 319, 518, 0, 0, 9.47%, 0, 0, 22, 9594.13, 9901302, 756, 0, 0
983, 130, 262, 518, 0, 0, 9.47%, 0, 0, 22, 9911.04, 9941028, 756, 0, 0
988, 130, 505, 518, 0, 0, 9.47%, 0, 0, 22, 6843.87, 9985441, 756, 0, 0
993, 130, 505, 518, 0, 0, 9.47%, 0, 0, 22, 9359.62, 10027243, 756, 0, 0
998, 131, 93, 518, 0, 0, 9.47%, 0, 0, 22, 10588.26, 10075666, 756, 0, 0
1003, 131, 506, 518, 0, 0, 9.47%, 0, 0, 22, 8978.57, 10113880, 756, 0, 0
1008, 131, 504, 518, 0, 0, 9.47%, 0, 0, 22, 7979.55, 10155926, 756, 0, 0
1013, 131, 38, 518, 0, 0, 9.47%, 0, 0, 22, 9446.58, 10207416, 756, 0, 0
1019, 132, 241, 518, 0, 0, 9.47%, 0, 0, 22, 9417.93, 10254817, 756, 0, 0
1024, 132, 38, 521, 1, 0, 9.48%, 0, 0, 22, 8840.59, 10299294, 757, 0, 0
1029, 132, 328, 521, 0, 0, 9.48%, 0, 0, 22, 9494.77, 10346972, 757, 0, 0
1034, 132, 506, 521, 0, 0, 9.48%, 0, 0, 22, 9972.32, 10397256, 757, 0, 0
1039, 132, 221, 521, 0, 0, 9.48%, 0, 0, 22, 10283.12, 10448495, 757, 0, 0
1044, 133, 191, 521, 0, 0, 9.48%, 0, 0, 22, 8515.64, 10481059, 757, 0, 0
1049, 133, 505, 522, 1, 0, 9.48%, 0, 0, 22, 9038.44, 10530031, 757, 0, 0
1054, 133, 328, 522, 0, 0, 9.48%, 0, 0, 22, 9051.40, 10576118, 757, 0, 0
1059, 133, 328, 522, 0, 0, 9.48%, 0, 0, 22, 9387.56, 10623263, 757, 0, 0
1064, 134, 404, 522, 0, 0, 9.48%, 0, 0, 22, 9861.32, 10672071, 757, 0, 0
1069, 134, 497, 522, 0, 0, 9.48%, 0, 0, 22, 9295.13, 10718094, 757, 0, 0
1074, 134, 520, 522, 0, 0, 9.48%, 0, 0, 22, 9581.44, 10765641, 757, 0, 0
1081, 134, 471, 522, 0, 0, 9.48%, 0, 0, 22, 1005.96, 10808454, 757, 0, 0
1086, 135, 520, 522, 0, 0, 9.48%, 0, 0, 22, 8831.64, 10858006, 757, 0, 0
1092, 135, 200, 522, 0, 0, 9.48%, 0, 0, 22, 9586.35, 10907128, 757, 0, 0
1097, 135, 311, 522, 0, 0, 9.48%, 0, 0, 22, 9021.89, 10951964, 757, 0, 0
1102, 135, 520, 522, 0, 0, 9.48%, 0, 0, 22, 8897.72, 10989046, 757, 0, 0
1107, 136, 520, 522, 0, 0, 9.48%, 0, 0, 22, 9596.85, 11038198, 757, 0, 0
1112, 136, 499, 522, 0, 0, 9.48%, 0, 0, 22, 9473.99, 11086841, 757, 0, 0
1117, 136, 506, 522, 0, 0, 9.48%, 0, 0, 22, 9513.89, 11135386, 757, 0, 0
1122, 136, 444, 522, 0, 0, 9.48%, 0, 0, 22, 8439.14, 11178779, 757, 0, 0
1127, 137, 520, 522, 0, 0, 9.48%, 0, 0, 22, 9489.15, 11225552, 757, 0, 0
1132, 137, 505, 522, 0, 0, 9.48%, 0, 0, 22, 8771.26, 11270526, 757, 0, 0
1137, 137, 348, 522, 0, 0, 9.48%, 0, 0, 22, 9793.66, 11319558, 757, 0, 0
1143, 137, 503, 522, 0, 0, 9.48%, 0, 0, 22, 8425.95, 11360502, 757, 0, 0
1148, 137, 60, 522, 0, 0, 9.48%, 0, 0, 22, 8702.78, 11402939, 757, 0, 0
1153, 138, 505, 522, 0, 0, 9.48%, 0, 0, 22, 10113.14, 11456309, 757, 0, 0
1158, 138, 334, 522, 0, 0, 9.48%, 0, 0, 22, 9529.98, 11503347, 757, 0, 0
1163, 138, 506, 523, 0, 0, 9.49%, 0, 0, 22, 10356.96, 11557243, 758, 0, 0
1168, 138, 506, 523, 0, 0, 9.49%, 0, 0, 22, 10764.14, 11594462, 758, 0, 0
1173, 139, 298, 524, 1, 0, 9.49%, 0, 0, 22, 10237.51, 11645175, 758, 0, 0
1178, 139, 499, 524, 1, 0, 9.49%, 0, 0, 22, 9837.77, 11695048, 758, 0, 0
1184, 139, 514, 524, 0, 0, 9.49%, 0, 0, 22, 10296.66, 11748627, 758, 0, 0
1189, 139, 85, 524, 0, 0, 9.49%, 0, 0, 22, 8687.56, 11792200, 758, 0, 0
1194, 140, 524, 525, 1, 0, 9.49%, 0, 0, 22, 7761.37, 11831377, 758, 0, 0
1199, 140, 422, 525, 0, 0, 9.49%, 0, 0, 22, 8815.09, 11877074, 758, 0, 0
1204, 140, 319, 526, 0, 0, 9.49%, 0, 0, 22, 1688.69, 11920437, 758, 0, 0
1209, 140, 301, 526, 0, 0, 9.49%, 0, 0, 22, 9260.24, 11958017, 758, 0, 0
1214, 141, 358, 531, 4, 0, 9.49%, 0, 0, 22, 9183.70, 12004647, 758, 0, 0
1219, 141, 530, 532, 3, 0, 9.49%, 0, 0, 23, 9047.33, 12053066, 758, 0, 0
1225, 141, 298, 532, 0, 0, 9.49%, 0, 0, 23, 9698.51, 12103024, 758, 0, 0
1230, 141, 506, 532, 0, 0, 9.49%, 0, 0, 23, 9691.84, 12150826, 758, 0, 0
1235, 142, 239, 537, 3, 0, 9.49%, 0, 0, 23, 10455.69, 12203856, 758, 0, 0
1240, 142, 488, 539, 1, 0, 9.49%, 0, 0, 23, 9486.73, 12249972, 758, 0, 0
1245, 142, 274, 539, 0, 0, 9.49%, 0, 0, 23, 10597.99, 12305793, 758, 0, 0
1250, 142, 491, 539, 0, 0, 9.49%, 0, 0, 23, 10115.91, 12355406, 758, 0, 0
1255, 143, 536, 539, 0, 0, 9.49%, 0, 0, 23, 10330.07, 12407636, 758, 0, 0
1261, 143, 305, 541, 2, 0, 9.49%, 0, 0, 23, 10807.81, 12464169, 758, 0, 0
1266, 143, 488, 541, 2, 0, 9.49%, 0, 0, 23, 10766.19, 12520356, 758, 0, 0
1271, 144, 505, 542, 2, 0, 9.49%, 0, 0, 23, 10116.80, 12562269, 758, 0, 0
1276, 144, 524, 542, 2, 0, 9.49%, 0, 0, 23, 9861.53, 12612969, 758, 0, 0
1281, 144, 520, 542, 0, 0, 9.49%, 0, 0, 23, 10432.31, 12665218, 758, 0, 0
1286, 145, 158, 542, 0, 0, 9.49%, 0, 0, 23, 10426.22, 12719544, 758, 0, 0
1291, 145, 262, 542, 0, 0, 9.49%, 0, 0, 23, 9739.96, 12758848, 758, 0, 0
1296, 145, 361, 542, 0, 0, 9.49%, 0, 0, 23, 9737.00, 12808208, 758, 0, 0
1301, 146, 316, 542, 0, 0, 9.49%, 0, 0, 23, 10242.32, 12860870, 758, 0, 0
1306, 146, 322, 542, 0, 0, 9.49%, 0, 0, 23, 10427.43, 12912319, 758, 0, 0
1311, 146, 530, 542, 0, 0, 9.49%, 0, 0, 23, 10195.58, 12957986, 758, 0, 0
1316, 146, 497, 542, 0, 0, 9.49%, 0, 0, 23, 10481.88, 13010736, 758, 0, 0
1321, 147, 247, 542, 0, 0, 9.49%, 0, 0, 23, 10240.16, 13064105, 758, 0, 0
1327, 147, 454, 542, 0, 0, 9.49%, 0, 0, 23, 10259.50, 13115625, 758, 0, 0
1333, 147, 445, 542, 0, 0, 9.49%, 0, 0, 23, 10105.35, 13181269, 758, 0, 0
1338, 148, 522, 542, 0, 0, 9.49%, 0, 0, 23, 10573.84, 13234607, 758, 0, 0
1343, 148, 499, 543, 1, 0, 9.49%, 0, 0, 23, 10680.28, 13287943, 758, 0, 0
1348, 148, 172, 543, 0, 0, 9.49%, 0, 0, 23, 10798.77, 13341623, 758, 0, 0
1353, 149, 283, 543, 0, 0, 9.49%, 0, 0, 23, 10128.05, 13388324, 758, 0, 0
1359, 149, 499, 543, 0, 0, 9.49%, 0, 0, 23, 9844.69, 13437951, 758, 0, 0
1364, 149, 526, 543, 0, 0, 9.49%, 0, 0, 23, 10444.06, 13492308, 758, 0, 0
1369, 150, 291, 543, 0, 0, 9.49%, 0, 0, 23, 9930.50, 13542890, 758, 0, 0
1374, 150, 522, 543, 0, 0, 9.49%, 0, 0, 23, 9879.46, 13589590, 758, 0, 0
1379, 150, 520, 543, 0, 0, 9.49%, 0, 0, 23, 10821.18, 13645871, 758, 0, 0
1384, 150, 267, 543, 0, 0, 9.49%, 0, 0, 23, 10533.62, 13698802, 758, 0, 0
1389, 151, 499, 543, 0, 0, 9.49%, 0, 0, 23, 10358.79, 13752430, 758, 0, 0
1394, 151, 505, 543, 0, 0, 9.49%, 0, 0, 23, 11028.77, 13786830, 758, 0, 0
1399, 151, 471, 543, 0, 0, 9.49%, 0, 0, 23, 9776.54, 13836142, 758, 0, 0
1404, 152, 397, 543, 0, 0, 9.49%, 0, 0, 23, 10633.51, 13890619, 758, 0, 0
1409, 152, 452, 543, 0, 0, 9.49%, 0, 0, 23, 10407.54, 13942734, 758, 0, 0
1414, 152, 506, 543, 0, 0, 9.49%, 0, 0, 23, 9604.20, 13987180, 758, 0, 0
1419, 153, 246, 543, 0, 0, 9.49%, 0, 0, 23, 10233.68, 14039365, 758, 0, 0
1424, 153, 410, 543, 0, 0, 9.49%, 0, 0, 23, 10025.95, 14090375, 758, 0, 0
1430, 153, 334, 543, 0, 0, 9.49%, 0, 0, 23, 10419.00, 14145087, 758, 0, 0
1435, 154, 499, 543, 0, 0, 9.49%, 0, 0, 23, 10182.35, 14192011, 758, 0, 0
1440, 154, 522, 543, 0, 0, 9.49%, 0, 0, 23, 10109.69, 14240494, 758, 0, 0
1445, 154, 298, 543, 0, 0, 9.49%, 0, 0, 23, 10584.40, 14295155, 758, 0, 0
1450, 155, 328, 543, 0, 0, 9.49%, 0, 0, 23, 10112.88, 14346244, 758, 0, 0
1455, 155, 298, 543, 0, 0, 9.49%, 0, 0, 23, 9942.57, 14387917, 758, 0, 0
1460, 155, 73, 543, 0, 0, 9.49%, 0, 0, 23, 10949.39, 14445567, 758, 0, 0
1465, 156, 328, 543, 0, 0, 9.49%, 0, 0, 23, 9652.00, 14493244, 758, 0, 0
1470, 156, 313, 544, 1, 0, 9.49%, 0, 0, 23, 10079.72, 14545450, 758, 0, 0
1475, 156, 522, 544, 1, 0, 9.49%, 0, 0, 23, 9244.43, 14582959, 758, 0, 0
1480, 156, 544, 545, 2, 0, 9.49%, 0, 0, 23, 1735.86, 14622723, 758, 0, 0
1485, 157, 322, 546, 0, 0, 9.49%, 0, 0, 23, 9417.39, 14672212, 758, 0, 0
1491, 157, 316, 546, 0, 0, 9.49%, 0, 0, 23, 9933.67, 14722976, 758, 0, 0
1496, 157, 535, 546, 0, 0, 9.49%, 0, 0, 23, 3557.64, 14756059, 758, 0, 0
1501, 158, 328, 546, 0, 0, 9.49%, 0, 0, 23, 8339.66, 14804471, 758, 0, 0
1506, 158, 505, 546, 0, 0, 9.49%, 0, 0, 23, 9037.90, 14853125, 758, 0, 0
1511, 158, 415, 546, 0, 0, 9.49%, 0, 0, 23, 9680.43, 14903310, 758, 0, 0
1516, 158, 263, 546, 0, 0, 9.49%, 0, 0, 23, 9361.12, 14946727, 758, 0, 0
1521, 159, 456, 546, 0, 0, 9.49%, 0, 0, 23, 9301.99, 14993648, 758, 0, 0
1526, 159, 364, 547, 1, 0, 9.49%, 0, 0, 23, 10358.92, 15047777, 758, 0, 0
1531, 159, 229, 548, 1, 0, 9.49%, 0, 0, 23, 4820.36, 15100333, 758, 0, 0
1536, 160, 514, 548, 0, 0, 9.49%, 0, 0, 23, 7835.67, 15147891, 758, 0, 0
1541, 160, 248, 550, 0, 0, 9.49%, 0, 0, 23, 10107.41, 15200345, 758, 0, 0
1546, 160, 103, 550, 0, 0, 9.49%, 0, 0, 23, 10253.55, 15250181, 758, 0, 0
1551, 161, 499, 550, 0, 0, 9.49%, 0, 0, 23, 10086.13, 15300004, 758, 0, 0
1556, 161, 15, 550, 0, 0, 9.49%, 0, 0, 23, 10318.82, 15343778, 758, 0, 0
1562, 161, 357, 550, 0, 0, 9.49%, 0, 0, 23, 10530.84, 15398258, 758, 0, 0
1567, 162, 526, 550, 0, 0, 9.49%, 0, 0, 23, 10335.49, 15449580, 758, 0, 0
1572, 162, 305, 550, 0, 0, 9.49%, 0, 0, 23, 10369.60, 15501303, 758, 0, 0
1577, 162, 447, 550, 0, 0, 9.49%, 0, 0, 23, 10150.73, 15545446, 758, 0, 0
1582, 163, 488, 550, 0, 0, 9.49%, 0, 0, 23, 10222.67, 15595429, 758, 0, 0
1587, 163, 505, 550, 0, 0, 9.49%, 0, 0, 23, 9377.96, 15642383, 758, 0, 0
1592, 163, 505, 550, 0, 0, 9.49%, 0, 0, 23, 9868.77, 15690465, 758, 0, 0
1597, 164, 488, 550, 0, 0, 9.49%, 0, 0, 23, 9827.61, 15735104, 758, 0, 0
1602, 164, 526, 550, 0, 0, 9.49%, 0, 0, 23, 9522.55, 15781964, 758, 0, 0
1607, 164, 350, 550, 0, 0, 9.49%, 0, 0, 23, 10834.66, 15839300, 758, 0, 0
1612, 165, 505, 550, 0, 0, 9.49%, 0, 0, 23, 10524.66, 15892552, 758, 0, 0
1617, 165, 349, 550, 0, 0, 9.49%, 0, 0, 23, 10209.20, 15927552, 758, 0, 0
1622, 165, 350, 550, 0, 0, 9.49%, 0, 0, 23, 10169.84, 15979589, 758, 0, 0
1627, 166, 303, 550, 0, 0, 9.49%, 0, 0, 23, 10267.17, 16031155, 758, 0, 0
1633, 166, 539, 550, 0, 0, 9.49%, 0, 0, 23, 9759.26, 16079755, 758, 0, 0
1638, 166, 75, 550, 0, 0, 9.49%, 0, 0, 23, 11249.72, 16131300, 758, 0, 0
1643, 166, 415, 550, 0, 0, 9.49%, 0, 0, 23, 2651.37, 16168438, 758, 0, 0
1648, 167, 465, 550, 0, 0, 9.49%, 0, 0, 23, 9257.86, 16223884, 758, 0, 0
1653, 167, 493, 550, 0, 0, 9.49%, 0, 0, 23, 9715.41, 16272281, 758, 0, 0
1658, 168, 100, 551, 1, 0, 9.49%, 0, 0, 23, 9297.28, 16318185, 758, 0, 0
1663, 168, 324, 551, 0, 0, 9.49%, 0, 0, 23, 10292.37, 16370863, 758, 0, 0
1668, 168, 385, 551, 0, 0, 9.49%, 0, 0, 23, 10078.03, 16419946, 758, 0, 0
1673, 169, 514, 551, 0, 0, 9.49%, 0, 0, 23, 9580.27, 16468017, 758, 0, 0
1678, 169, 400, 551, 0, 0, 9.49%, 0, 0, 23, 9867.31, 16517878, 758, 0, 0
1683, 169, 44, 551, 0, 0, 9.49%, 0, 0, 23, 10182.44, 16570255, 758, 0, 0
1689, 170, 405, 551, 0, 0, 9.49%, 0, 0, 23, 10222.87, 16623566, 758, 0, 0
1694, 170, 327, 551, 0, 0, 9.49%, 0, 0, 23, 9316.26, 16671828, 758, 0, 0
1699, 170, 69, 551, 0, 0, 9.49%, 0, 0, 23, 10091.05, 16721827, 758, 0, 0
1704, 171, 526, 551, 0, 0, 9.49%, 0, 0, 23, 10610.75, 16776959, 758, 0, 0
1710, 171, 448, 551, 0, 0, 9.49%, 0, 0, 23, 10401.22, 16825214, 758, 0, 0
1715, 171, 520, 551, 0, 0, 9.49%, 0, 0, 23, 9851.01, 16873935, 758, 0, 0
1720, 172, 537, 551, 0, 0, 9.49%, 0, 0, 23, 10156.95, 16925727, 758, 0, 0
1725, 172, 488, 551, 0, 0, 9.49%, 0, 0, 23, 9729.95, 16975624, 758, 0, 0
1730, 172, 391, 551, 0, 0, 9.49%, 0, 0, 23, 6918.81, 17025147, 758, 0, 0
1736, 173, 404, 551, 0, 0, 9.49%, 0, 0, 23, 8922.69, 17077545, 758, 0, 0
1742, 173, 499, 551, 0, 0, 9.49%, 0, 0, 23, 10209.54, 17131160, 758, 0, 0
1747, 173, 378, 551, 0, 0, 9.49%, 0, 0, 23, 6344.87, 17177000, 758, 0, 0
1752, 174, 506, 551, 0, 0, 9.49%, 0, 0, 23, 9356.36, 17228631, 758, 0, 0
1757, 174, 348, 551, 0, 0, 9.49%, 0, 0, 23, 10087.21, 17283716, 758, 0, 0
1762, 174, 302, 551, 0, 0, 9.49%, 0, 0, 23, 10120.45, 17334993, 758, 0, 0
1767, 175, 274, 551, 0, 0, 9.49%, 0, 0, 23, 9967.60, 17384846, 758, 0, 0
1772, 175, 231, 551, 0, 0, 9.49%, 0, 0, 23, 10037.89, 17434992, 758, 0, 0
1777, 175, 544, 551, 0, 0, 9.49%, 0, 0, 23, 9591.62, 17472986, 758, 0, 0
1782, 176, 459, 551, 0, 0, 9.49%, 0, 0, 23, 9472.64, 17521621, 758, 0, 0
1787, 176, 544, 551, 0, 0, 9.49%, 0, 0, 23, 8809.15, 17565382, 758, 0, 0
1792, 176, 304, 551, 0, 0, 9.49%, 0, 0, 23, 9208.84, 17611708, 758, 0, 0
1798, 177, 328, 551, 0, 0, 9.49%, 0, 0, 23, 8923.63, 17648987, 758, 0, 0
1803, 177, 531, 551, 0, 0, 9.49%, 0, 0, 23, 9030.69, 17696077, 758, 0, 0
1808, 177, 471, 551, 0, 0, 9.49%, 0, 0, 23, 9719.73, 17745946, 758, 0, 0
1813, 178, 499, 551, 0, 0, 9.49%, 0, 0, 23, 9771.54, 17794294, 758, 0, 0
1818, 178, 544, 551, 0, 0, 9.49%, 0, 0, 23, 8635.94, 17835100, 758, 0, 0
1823, 178, 319, 551, 0, 0, 9.49%, 0, 0, 23, 9675.63, 17883924, 758, 0, 0
1828, 179, 484, 551, 0, 0, 9.49%, 0, 0, 23, 9836.75, 17935027, 758, 0, 0
1833, 179, 41, 551, 0, 0, 9.49%, 0, 0, 23, 10310.09, 17987098, 758, 0, 0
1838, 179, 303, 551, 0, 0, 9.49%, 0, 0, 23, 10046.08, 18033906, 758, 0, 0
1844, 180, 311, 551, 0, 0, 9.49%, 0, 0, 23, 10492.24, 18088390, 758, 0, 0
1849, 180, 23, 551, 0, 0, 9.49%, 0, 0, 23, 10296.94, 18140164, 758, 0, 0
1854, 180, 512, 551, 0, 0, 9.49%, 0, 0, 23, 10172.61, 18192962, 758, 0, 0
1859, 181, 495, 551, 0, 0, 9.49%, 0, 0, 23, 9968.80, 18239275, 758, 0, 0
1864, 181, 498, 551, 0, 0, 9.49%, 0, 0, 23, 9827.98, 18290269, 758, 0, 0
1869, 181, 311, 551, 0, 0, 9.49%, 0, 0, 23, 10065.08, 18341035, 758, 0, 0
1876, 182, 467, 551, 0, 0, 9.49%, 0, 0, 23, 9519.31, 18391627, 758, 0, 0
1881, 182, 172, 551, 0, 0, 9.49%, 0, 0, 23, 9594.01, 18438733, 758, 0, 0
1886, 183, 234, 551, 0, 0, 9.49%, 0, 0, 23, 10130.46, 18490374, 758, 0, 0
1891, 183, 526, 551, 0, 0, 9.49%, 0, 0, 23, 9879.82, 18540202, 758, 0, 0
1897, 183, 461, 551, 0, 0, 9.49%, 0, 0, 23, 9609.72, 18582154, 758, 0, 0
1902, 184, 113, 551, 0, 0, 9.49%, 0, 0, 23, 9622.66, 18630209, 758, 0, 0
1907, 184, 453, 551, 0, 0, 9.49%, 0, 0, 23, 9674.76, 18679094, 758, 0, 0
1912, 184, 519, 551, 0, 0, 9.49%, 0, 0, 23, 10376.68, 18729868, 758, 0, 0
1917, 184, 499, 551, 0, 0, 9.49%, 0, 0, 23, 10267.08, 18774883, 758, 0, 0
1922, 185, 301, 551, 0, 0, 9.49%, 0, 0, 23, 10371.34, 18828535, 758, 0, 0
1927, 185, 506, 551, 0, 0, 9.49%, 0, 0, 23, 10153.68, 18881590, 758, 0, 0
1932, 186, 328, 551, 0, 0, 9.49%, 0, 0, 23, 9950.20, 18930262, 758, 0, 0
1938, 186, 304, 551, 0, 0, 9.49%, 0, 0, 23, 10039.75, 18984118, 758, 0, 0
1943, 186, 551, 553, 2, 0, 9.49%, 0, 0, 24, 8793.67, 19030752, 758, 0, 0
1948, 186, 522, 555, 1, 0, 9.49%, 0, 0, 25, 8005.24, 19065922, 758, 0, 0
1953, 187, 506, 555, 0, 0, 9.49%, 0, 0, 25, 8909.85, 19107900, 758, 0, 0
1958, 187, 505, 555, 0, 0, 9.49%, 0, 0, 25, 9802.52, 19160550, 758, 0, 0
1963, 187, 499, 555, 0, 0, 9.49%, 0, 0, 25, 8921.95, 19205560, 758, 0, 0
1968, 188, 505, 555, 0, 0, 9.49%, 0, 0, 25, 9426.94, 19254722, 758, 0, 0
1973, 188, 248, 555, 0, 0, 9.49%, 0, 0, 25, 9508.34, 19297202, 758, 0, 0
1978, 188, 526, 555, 0, 0, 9.49%, 0, 0, 25, 10197.28, 19350032, 758, 0, 0
1983, 189, 257, 555, 0, 0, 9.49%, 0, 0, 25, 8929.12, 19393747, 758, 0, 0
1990, 189, 463, 555, 0, 0, 9.49%, 0, 0, 25, 9336.12, 19456364, 758, 0, 0
1995, 189, 237, 555, 0, 0, 9.49%, 0, 0, 25, 10047.43, 19506814, 758, 0, 0
2001, 190, 328, 555, 0, 0, 9.49%, 0, 0, 25, 8339.69, 19547938, 758, 0, 0
2006, 190, 267, 555, 0, 0, 9.49%, 0, 0, 25, 10014.38, 19601137, 758, 0, 0
2011, 190, 309, 555, 0, 0, 9.49%, 0, 0, 25, 10322.68, 19655548, 758, 0, 0
2016, 190, 509, 555, 0, 0, 9.49%, 0, 0, 25, 9972.56, 19696465, 758, 0, 0
2021, 191, 415, 555, 0, 0, 9.49%, 0, 0, 25, 9105.08, 19741723, 758, 0, 0
2026, 191, 505, 555, 0, 0, 9.49%, 0, 0, 25, 9250.96, 19789022, 758, 0, 0
2031, 192, 488, 555, 0, 0, 9.49%, 0, 0, 25, 9950.13, 19841378, 758, 0, 0
2037, 192, 301, 555, 0, 0, 9.49%, 0, 0, 25, 9815.30, 19884754, 758, 0, 0
2042, 192, 505, 555, 0, 0, 9.49%, 0, 0, 25, 10001.93, 19936420, 758, 0, 0
2047, 192, 545, 555, 0, 0, 9.49%, 0, 0, 25, 8708.37, 19982072, 758, 0, 0
2052, 193, 461, 555, 0, 0, 9.49%, 0, 0, 25, 9151.22, 20031194, 758, 0, 0
2057, 193, 316, 555, 0, 0, 9.49%, 0, 0, 25, 9319.84, 20074902, 758, 0, 0
2062, 193, 387, 555, 0, 0, 9.49%, 0, 0, 25, 9360.83, 20121458, 758, 0, 0
2067, 194, 499, 555, 0, 0, 9.49%, 0, 0, 25, 10138.96, 20174231, 758, 0, 0
2072, 194, 491, 555, 0, 0, 9.49%, 0, 0, 25, 9880.37, 20223141, 758, 0, 0
2077, 194, 345, 555, 0, 0, 9.49%, 0, 0, 25, 10073.02, 20266859, 758, 0, 0
2083, 195, 350, 555, 0, 0, 9.49%, 0, 0, 25, 9064.81, 20309839, 758, 0, 0
2088, 195, 504, 555, 0, 0, 9.49%, 0, 0, 25, 9270.11, 20356816, 758, 0, 0
2093, 195, 394, 555, 0, 0, 9.49%, 0, 0, 25, 8710.09, 20399108, 758, 0, 0
2098, 196, 446, 555, 0, 0, 9.49%, 0, 0, 25, 8516.83, 20431587, 758, 0, 0
2103, 196, 291, 555, 0, 0, 9.49%, 0, 0, 25, 9550.55, 20480518, 758, 0, 0
2108, 196, 350, 555, 0, 0, 9.49%, 0, 0, 25, 9162.20, 20528804, 758, 0, 0
2113, 197, 305, 555, 0, 0, 9.49%, 0, 0, 25, 8770.43, 20573059, 758, 0, 0
2118, 197, 526, 555, 0, 0, 9.49%, 0, 0, 25, 8410.78, 20603959, 758, 0, 0
2123, 197, 524, 555, 0, 0, 9.49%, 0, 0, 25, 9459.18, 20653596, 758, 0, 0
2128, 197, 302, 555, 0, 0, 9.49%, 0, 0, 25, 8786.54, 20698438, 758, 0, 0
2133, 198, 319, 555, 0, 0, 9.49%, 0, 0, 25, 9181.73, 20743877, 758, 0, 0
2139, 198, 102, 555, 0, 0, 9.49%, 0, 0, 25, 9617.47, 20780140, 758, 0, 0
2144, 198, 182, 555, 0, 0, 9.49%, 0, 0, 25, 9104.60, 20824981, 758, 0, 0
2149, 199, 554, 555, 0, 0, 9.49%, 0, 0, 25, 9188.41, 20871494, 758, 0, 0
2154, 199, 261, 555, 0, 0, 9.49%, 0, 0, 25, 9761.83, 20921643, 758, 0, 0
2159, 199, 555, 556, 1, 0, 9.49%, 0, 0, 25, 9105.29, 20965447, 758, 0, 0
2164, 199, 529, 557, 0, 0, 9.49%, 0, 0, 25, 9194.31, 21009044, 758, 0, 0
2169, 200, 22, 557, 0, 0, 9.49%, 0, 0, 25, 10077.32, 21059423, 758, 0, 0
2176, 200, 380, 557, 0, 0, 9.49%, 0, 0, 25, 9513.17, 21125114, 758, 0, 0
2181, 201, 537, 557, 0, 0, 9.49%, 0, 0, 25, 9708.71, 21176243, 758, 0, 0
2186, 201, 488, 557, 0, 0, 9.49%, 0, 0, 25, 9999.38, 21226303, 758, 0, 0
2192, 201, 291, 557, 0, 0, 9.49%, 0, 0, 25, 9913.22, 21275835, 758, 0, 0
2197, 202, 470, 558, 1, 0, 9.52%, 0, 0, 25, 10042.63, 21328491, 760, 0, 0
2202, 202, 267, 558, 0, 0, 9.52%, 0, 0, 25, 10406.75, 21379473, 760, 0, 0
2207, 202, 505, 558, 0, 0, 9.52%, 0, 0, 25, 9628.21, 21425766, 760, 0, 0
2212, 203, 350, 558, 0, 0, 9.52%, 0, 0, 25, 9381.51, 21473080, 760, 0, 0
2217, 203, 295, 558, 0, 0, 9.52%, 0, 0, 25, 9225.58, 21520753, 760, 0, 0
2222, 203, 488, 558, 0, 0, 9.52%, 0, 0, 25, 9655.94, 21570033, 760, 0, 0
2227, 204, 505, 558, 0, 0, 9.52%, 0, 0, 25, 10276.04, 21622982, 760, 0, 0
2232, 204, 514, 558, 0, 0, 9.52%, 0, 0, 25, 10121.00, 21672669, 760, 0, 0
2237, 204, 317, 558, 0, 0, 9.52%, 0, 0, 25, 9563.03, 21720869, 760, 0, 0
2242, 205, 348, 558, 0, 0, 9.52%, 0, 0, 25, 9966.18, 21772389, 760, 0, 0
2248, 205, 488, 558, 0, 0, 9.52%, 0, 0, 25, 9174.03, 21818722, 760, 0, 0
2253, 205, 302, 558, 0, 0, 9.52%, 0, 0, 25, 9926.75, 21868358, 760, 0, 0
2258, 205, 22, 558, 0, 0, 9.52%, 0, 0, 25, 9451.68, 21917860, 760, 0, 0
2263, 206, 267, 558, 0, 0, 9.52%, 0, 0, 25, 9195.71, 21965086, 760, 0, 0
2268, 206, 488, 558, 0, 0, 9.52%, 0, 0, 25, 9149.98, 22013048, 760, 0, 0
2273, 206, 226, 558, 0, 0, 9.52%, 0, 0, 25, 9675.50, 22061782, 760, 0, 0
2278, 207, 350, 559, 1, 0, 9.52%, 0, 0, 25, 9119.78, 22099229, 760, 0, 0
2283, 207, 57, 559, 1, 0, 9.52%, 0, 0, 25, 10057.10, 22150718, 760, 0, 0
2288, 207, 264, 559, 0, 0, 9.52%, 0, 0, 25, 9167.78, 22197426, 760, 0, 0
2293, 208, 499, 559, 0, 0, 9.52%, 0, 0, 25, 9810.40, 22248837, 760, 0, 0
2298, 208, 520, 559, 0, 0, 9.52%, 0, 0, 25, 10176.14, 22292411, 760, 0, 0
2303, 208, 415, 559, 0, 0, 9.52%, 0, 0, 25, 10451.69, 22344826, 760, 0, 0
2308, 209, 559, 560, 1, 0, 9.52%, 0, 0, 25, 8664.41, 22389246, 760, 0, 0
2314, 209, 304, 561, 1, 0, 9.52%, 0, 0, 25, 9019.94, 22422846, 760, 0, 0
2319, 209, 507, 561, 0, 0, 9.52%, 0, 0, 25, 10484.14, 22444525, 760, 0, 0
2324, 209, 472, 561, 0, 0, 9.52%, 0, 0, 25, 10150.99, 22495159, 760, 0, 0
2329, 210, 557, 561, 0, 0, 9.52%, 0, 0, 25, 9604.72, 22544933, 760, 0, 0
2334, 210, 558, 561, 0, 0, 9.52%, 0, 0, 25, 9413.27, 22593670, 760, 0, 0
2339, 210, 293, 561, 0, 0, 9.52%, 0, 0, 25, 8690.57, 22632672, 760, 0, 0
2344, 211, 305, 561, 0, 0, 9.52%, 0, 0, 25, 9190.98, 22681822, 760, 0, 0
2349, 211, 348, 561, 0, 0, 9.52%, 0, 0, 25, 9405.66, 22732623, 760, 0, 0
2356, 211, 484, 561, 0, 0, 9.52%, 0, 0, 25, 9145.81, 22796340, 760, 0, 0
2362, 212, 559, 561, 0, 0, 9.52%, 0, 0, 25, 9285.34, 22843652, 760, 0, 0
2367, 212, 61, 561, 0, 0, 9.52%, 0, 0, 25, 9418.99, 22892481, 760, 0, 0
2372, 212, 457, 561, 0, 0, 9.52%, 0, 0, 25, 9997.46, 22945703, 760, 0, 0
2377, 213, 559, 562, 1, 0, 9.52%, 0, 0, 25, 1381.89, 22978188, 760, 0, 0
2382, 213, 562, 564, 1, 0, 9.52%, 0, 0, 26, 8912.05, 23002183, 760, 0, 0
2387, 213, 309, 564, 0, 0, 9.52%, 0, 0, 26, 8898.02, 23039143, 760, 0, 0
2392, 213, 319, 564, 0, 0, 9.52%, 0, 0, 26, 8950.84, 23082175, 760, 0, 0
2397, 213, 226, 564, 0, 0, 9.52%, 0, 0, 26, 8901.55, 23119984, 760, 0, 0
2403, 214, 35, 564, 0, 0, 9.52%, 0, 0, 26, 8848.05, 23165610, 760, 0, 0
2408, 214, 402, 564, 0, 0, 9.52%, 0, 0, 26, 8722.16, 23209743, 760, 0, 0
2413, 214, 564, 565, 1, 0, 9.52%, 0, 0, 26, 1080.66, 23247729, 760, 0, 0
2418, 214, 557, 565, 0, 0, 9.52%, 0, 0, 26, 4019.06, 23266462, 760, 0, 0
2423, 215, 505, 565, 0, 0, 9.52%, 0, 0, 26, 8031.42, 23312078, 760, 0, 0
2428, 215, 557, 565, 0, 0, 9.52%, 0, 0, 26, 9234.25, 23360136, 760, 0, 0
2433, 215, 506, 566, 1, 0, 9.52%, 0, 0, 26, 8616.66, 23407556, 760, 0, 0
2438, 216, 415, 566, 1, 0, 9.52%, 0, 0, 26, 9304.25, 23456116, 760, 0, 0
2443, 216, 559, 566, 1, 0, 9.52%, 0, 0, 26, 9425.21, 23504109, 760, 0, 0
2448, 216, 231, 566, 1, 0, 9.52%, 0, 0, 26, 9929.09, 23553195, 760, 0, 0
2453, 217, 265, 567, 0, 0, 9.52%, 0, 0, 26, 10364.55, 23602444, 760, 0, 0
2458, 217, 567, 568, 1, 0, 9.52%, 0, 0, 26, 893.72, 23634873, 760, 0, 0
2464, 217, 382, 568, 0, 0, 9.52%, 0, 0, 26, 8175.49, 23683004, 760, 0, 0
2469, 217, 415, 568, 0, 0, 9.52%, 0, 0, 26, 9487.67, 23730181, 760, 0, 0
2474, 218, 438, 568, 0, 0, 9.52%, 0, 0, 26, 9362.03, 23778311, 760, 0, 0
2479, 218, 293, 568, 0, 0, 9.52%, 0, 0, 26, 10054.09, 23829535, 760, 0, 0
2484, 218, 563, 571, 2, 0, 9.52%, 0, 0, 26, 10146.29, 23878435, 760, 0, 0
2489, 218, 316, 571, 1, 0, 9.52%, 0, 0, 26, 10554.47, 23931395, 760, 0, 0
2494, 219, 557, 571, 0, 0, 9.52%, 0, 0, 26, 10154.99, 23979143, 760, 0, 0
2499, 219, 499, 571, 0, 0, 9.52%, 0, 0, 26, 11273.63, 24031336, 760, 0, 0
2504, 219, 566, 572, 1, 0, 9.52%, 0, 0, 26, 10588.31, 24084302, 760, 0, 0
2509, 219, 366, 572, 0, 0, 9.52%, 0, 0, 26, 8178.78, 24135427, 760, 0, 0
2514, 220, 562, 572, 0, 0, 9.52%, 0, 0, 26, 8432.91, 24172280, 760, 0, 0
2519, 220, 274, 572, 0, 0, 9.52%, 0, 0, 26, 9378.80, 24221417, 760, 0, 0
2525, 220, 439, 572, 0, 0, 9.52%, 0, 0, 26, 9738.89, 24272521, 760, 0, 0
2530, 221, 350, 572, 0, 0, 9.52%, 0, 0, 26, 10204.03, 24325780, 760, 0, 0
2535, 221, 226, 572, 0, 0, 9.52%, 0, 0, 26, 9613.14, 24365637, 760, 0, 0
2540, 221, 499, 572, 0, 0, 9.52%, 0, 0, 26, 9790.98, 24412587, 760, 0, 0
2545, 221, 505, 572, 0, 0, 9.52%, 0, 0, 26, 9764.28, 24461588, 760, 0, 0
2550, 222, 572, 573, 1, 0, 9.52%, 0, 0, 27, 1130.71, 24495685, 760, 0, 0
2555, 222, 248, 573, 0, 0, 9.52%, 0, 0, 27, 10732.48, 24528434, 760, 0, 0
2560, 222, 293, 573, 0, 0, 9.52%, 0, 0, 27, 8500.00, 24573487, 760, 0, 0
2565, 222, 572, 573, 0, 0, 9.52%, 0, 0, 27, 10146.55, 24616386, 760, 0, 0
2570, 223, 478, 573, 0, 0, 9.52%, 0, 0, 27, 9243.47, 24661788, 760, 0, 0
2575, 223, 406, 573, 0, 0, 9.52%, 0, 0, 27, 9316.13, 24704505, 760, 0, 0
2580, 223, 507, 573, 0, 0, 9.52%, 0, 0, 27, 9900.89, 24756301, 760, 0, 0
2585, 223, 499, 573, 0, 0, 9.52%, 0, 0, 27, 9346.68, 24803489, 760, 0, 0
2592, 224, 425, 573, 0, 0, 9.52%, 0, 0, 27, 8872.14, 24858235, 760, 0, 0
2597, 224, 41, 573, 0, 0, 9.52%, 0, 0, 27, 10109.50, 24911249, 760, 0, 0
2603, 224, 324, 573, 0, 0, 9.52%, 0, 0, 27, 9510.83, 24956785, 760, 0, 0
2608, 225, 557, 573, 0, 0, 9.52%, 0, 0, 27, 10070.60, 25010898, 760, 0, 0
2613, 225, 561, 573, 0, 0, 9.52%, 0, 0, 27, 9631.88, 25048151, 760, 0, 0
2618, 225, 38, 573, 0, 0, 9.52%, 0, 0, 27, 9361.60, 25087771, 760, 0, 0
2623, 225, 562, 573, 0, 0, 9.52%, 0, 0, 27, 9840.81, 25140208, 760, 0, 0
2628, 226, 526, 573, 0, 0, 9.52%, 0, 0, 27, 10274.87, 25192785, 760, 0, 0
2634, 226, 462, 573, 0, 0, 9.52%, 0, 0, 27, 10394.60, 25242846, 760, 0, 0
2639, 226, 503, 573, 0, 0, 9.52%, 0, 0, 27, 9084.77, 25286741, 760, 0, 0
2644, 227, 522, 573, 0, 0, 9.52%, 0, 0, 27, 9298.15, 25334882, 760, 0, 0
2649, 227, 350, 573, 0, 0, 9.52%, 0, 0, 27, 11397.70, 25381063, 760, 0, 0
2654, 227, 520, 573, 0, 0, 9.52%, 0, 0, 27, 7109.72, 25418050, 760, 0, 0
2659, 227, 293, 573, 0, 0, 9.52%, 0, 0, 27, 9367.62, 25468315, 760, 0, 0
2664, 228, 567, 573, 0, 0, 9.52%, 0, 0, 27, 9239.97, 25516489, 760, 0, 0
2669, 228, 562, 573, 0, 0, 9.52%, 0, 0, 27, 8306.84, 25554336, 760, 0, 0
2674, 228, 305, 573, 0, 0, 9.52%, 0, 0, 27, 8693.18, 25594593, 760, 0, 0
2679, 228, 526, 573, 0, 0, 9.52%, 0, 0, 27, 8644.14, 25638852, 760, 0, 0
2684, 229, 317, 573, 0, 0, 9.52%, 0, 0, 27, 8298.51, 25677408, 760, 0, 0
2689, 229, 334, 573, 0, 0, 9.52%, 0, 0, 27, 9269.83, 25723902, 760, 0, 0
2696, 229, 383, 573, 0, 0, 9.52%, 0, 0, 27, 9867.53, 25771909, 760, 0, 0
2701, 229, 69, 573, 0, 0, 9.52%, 0, 0, 27, 9590.29, 25820325, 760, 0, 0
2706, 230, 265, 573, 0, 0, 9.52%, 0, 0, 27, 8856.20, 25863232, 760, 0, 0
2711, 230, 499, 573, 0, 0, 9.52%, 0, 0, 27, 8881.57, 25906957, 760, 0, 0
2717, 230, 567, 573, 0, 0, 9.52%, 0, 0, 27, 8889.99, 25946790, 760, 0, 0
2722, 230, 465, 573, 0, 0, 9.52%, 0, 0, 27, 8199.24, 25986487, 760, 0, 0
2727, 231, 557, 573, 0, 0, 9.52%, 0, 0, 27, 9630.84, 26037264, 760, 0, 0
2732, 231, 261, 573, 0, 0, 9.52%, 0, 0, 27, 9195.24, 26083318, 760, 0, 0
2737, 231, 558, 573, 0, 0, 9.52%, 0, 0, 27, 2077.85, 26116872, 760, 0, 0
2743, 231, 563, 573, 0, 0, 9.52%, 0, 0, 27, 7414.40, 26159776, 760, 0, 0
2748, 232, 566, 573, 0, 0, 9.52%, 0, 0, 27, 9329.71, 26207622, 760, 0, 0
2753, 232, 505, 573, 0, 0, 9.52%, 0, 0, 27, 9629.29, 26257726, 760, 0, 0
2758, 232, 248, 573, 0, 0, 9.52%, 0, 0, 27, 10110.99, 26306245, 760, 0, 0
2763, 233, 109, 573, 0, 0, 9.52%, 0, 0, 27, 8944.35, 26350931, 760, 0, 0
2768, 233, 425, 573, 0, 0, 9.52%, 0, 0, 27, 9940.23, 26399336, 760, 0, 0
2773, 233, 267, 573, 0, 0, 9.52%, 0, 0, 27, 9611.76, 26447296, 760, 0, 0
2778, 234, 505, 573, 0, 0, 9.52%, 0, 0, 27, 9720.79, 26497988, 760, 0, 0
2783, 234, 221, 573, 0, 0, 9.52%, 0, 0, 27, 9743.60, 26541579, 760, 0, 0
2788, 234, 533, 573, 0, 0, 9.52%, 0, 0, 27, 10204.75, 26588086, 760, 0, 0
2794, 234, 5, 573, 0, 0, 9.52%, 0, 0, 27, 9523.58, 26634652, 760, 0, 0
2799, 235, 20, 573, 0, 0, 9.52%, 0, 0, 27, 9392.46, 26679256, 760, 0, 0
2804, 235, 505, 573, 0, 0, 9.52%, 0, 0, 27, 9100.86, 26717616, 760, 0, 0
2809, 235, 328, 573, 0, 0, 9.52%, 0, 0, 27, 10255.18, 26771145, 760, 0, 0
2814, 235, 499, 573, 0, 0, 9.52%, 0, 0, 27, 10353.83, 26812771, 760, 0, 0
2819, 236, 429, 573, 0, 0, 9.52%, 0, 0, 27, 9552.85, 26857311, 760, 0, 0
2824, 236, 22, 573, 0, 0, 9.52%, 0, 0, 27, 9015.83, 26896309, 760, 0, 0
2829, 236, 298, 573, 0, 0, 9.52%, 0, 0, 27, 9204.53, 26945449, 760, 0, 0
2834, 236, 506, 573, 0, 0, 9.52%, 0, 0, 27, 9680.67, 26996639, 760, 0, 0
2839, 237, 14, 573, 0, 0, 9.52%, 0, 0, 27, 9771.14, 27041583, 760, 0, 0
2846, 237, 553, 573, 0, 0, 9.52%, 0, 0, 27, 9289.09, 27100405, 760, 0, 0
2852, 237, 466, 573, 0, 0, 9.52%, 0, 0, 27, 9756.88, 27149746, 760, 0, 0
2857, 238, 425, 573, 0, 0, 9.52%, 0, 0, 27, 9638.19, 27198985, 760, 0, 0
2862, 238, 319, 573, 0, 0, 9.52%, 0, 0, 27, 9831.58, 27247119, 760, 0, 0
2867, 238, 229, 573, 0, 0, 9.52%, 0, 0, 27, 10253.48, 27295442, 760, 0, 0
2872, 238, 305, 573, 0, 0, 9.52%, 0, 0, 27, 9792.76, 27344545, 760, 0, 0
2877, 239, 567, 573, 0, 0, 9.52%, 0, 0, 27, 9218.65, 27393431, 760, 0, 0
2882, 239, 391, 573, 0, 0, 9.52%, 0, 0, 27, 9198.42, 27440306, 760, 0, 0
2888, 239, 386, 573, 0, 0, 9.52%, 0, 0, 27, 9837.72, 27495554, 760, 0, 0
2893, 239, 488, 573, 0, 0, 9.52%, 0, 0, 27, 8442.70, 27539054, 760, 0, 0
2898, 240, 348, 573, 0, 0, 9.52%, 0, 0, 27, 9331.95, 27587193, 760, 0, 0
2903, 240, 328, 573, 0, 0, 9.52%, 0, 0, 27, 5236.11, 27635475, 760, 0, 0
2908, 240, 387, 573, 0, 0, 9.52%, 0, 0, 27, 8564.22, 27685090, 760, 0, 0
2913, 241, 429, 573, 0, 0, 9.52%, 0, 0, 27, 9647.66, 27731296, 760, 0, 0
2918, 241, 274, 573, 0, 0, 9.52%, 0, 0, 27, 9233.76, 27775685, 760, 0, 0
2923, 241, 319, 573, 0, 0, 9.52%, 0, 0, 27, 9588.33, 27824164, 760, 0, 0
2929, 241, 361, 573, 0, 0, 9.52%, 0, 0, 27, 6191.44, 27855095, 760, 0, 0
2934, 242, 314, 573, 0, 0, 9.52%, 0, 0, 27, 9453.87, 27906436, 760, 0, 0
2939, 242, 505, 573, 0, 0, 9.52%, 0, 0, 27, 9609.43, 27955426, 760, 0, 0
2944, 242, 348, 573, 0, 0, 9.52%, 0, 0, 27, 9781.91, 28004784, 760, 0, 0
2949, 243, 551, 573, 0, 0, 9.52%, 0, 0, 27, 9536.06, 28049765, 760, 0, 0
2954, 243, 566, 573, 0, 0, 9.52%, 0, 0, 27, 9706.57, 28098443, 760, 0, 0
2959, 243, 102, 573, 0, 0, 9.52%, 0, 0, 27, 9933.76, 28148736, 760, 0, 0
2964, 243, 566, 573, 0, 0, 9.52%, 0, 0, 27, 9314.80, 28195138, 760, 0, 0
2969, 244, 249, 573, 0, 0, 9.52%, 0, 0, 27, 10693.08, 28237831, 760, 0, 0
2974, 244, 514, 573, 0, 0, 9.52%, 0, 0, 27, 8636.62, 28278920, 760, 0, 0
2980, 244, 520, 573, 0, 0, 9.52%, 0, 0, 27, 9688.14, 28329639, 760, 0, 0
2985, 244, 531, 573, 0, 0, 9.52%, 0, 0, 27, 9160.88, 28376983, 760, 0, 0
2990, 245, 474, 573, 0, 0, 9.52%, 0, 0, 27, 9724.07, 28425749, 760, 0, 0
2996, 245, 441, 573, 0, 0, 9.52%, 0, 0, 27, 7074.51, 28471783, 760, 0, 0
3001, 245, 505, 573, 0, 0, 9.52%, 0, 0, 27, 8816.26, 28519110, 760, 0, 0
3006, 246, 226, 573, 0, 0, 9.52%, 0, 0, 27, 9166.90, 28564381, 760, 0, 0
3011, 246, 261, 573, 0, 0, 9.52%, 0, 0, 27, 9534.25, 28604478, 760, 0, 0
3016, 246, 57, 573, 0, 0, 9.52%, 0, 0, 27, 9307.47, 28650727, 760, 0, 0
3021, 246, 103, 573, 0, 0, 9.52%, 0, 0, 27, 7964.18, 28690495, 760, 0, 0
3026, 247, 557, 573, 0, 0, 9.52%, 0, 0, 27, 9114.95, 28741628, 760, 0, 0
3031, 247, 566, 573, 0, 0, 9.52%, 0, 0, 27, 9233.58, 28789799, 760, 0, 0
3036, 247, 520, 573, 0, 0, 9.52%, 0, 0, 27, 9743.36, 28838320, 760, 0, 0
3041, 248, 328, 573, 0, 0, 9.52%, 0, 0, 27, 9141.09, 28886107, 760, 0, 0
3046, 248, 334, 573, 0, 0, 9.52%, 0, 0, 27, 6822.67, 28928255, 760, 0, 0
3053, 248, 431, 573, 0, 0, 9.52%, 0, 0, 27, 9314.89, 28992209, 760, 0, 0
3058, 248, 415, 573, 0, 0, 9.52%, 0, 0, 27, 9670.76, 29041035, 760, 0, 0
3063, 249, 483, 573, 0, 0, 9.52%, 0, 0, 27, 8824.80, 29084339, 760, 0, 0
3068, 249, 440, 573, 0, 0, 9.52%, 0, 0, 27, 10589.70, 29132331, 760, 0, 0
3074, 249, 520, 573, 0, 0, 9.52%, 0, 0, 27, 10096.93, 29177333, 760, 0, 0
3079, 249, 567, 573, 0, 0, 9.52%, 0, 0, 27, 9980.09, 29229101, 760, 0, 0
3084, 250, 15, 573, 0, 0, 9.52%, 0, 0, 27, 9814.84, 29278249, 760, 0, 0
3089, 250, 572, 573, 0, 0, 9.52%, 0, 0, 27, 1419.81, 29325141, 760, 0, 0
3094, 250, 507, 573, 0, 0, 9.52%, 0, 0, 27, 10189.24, 29364447, 760, 0, 0
3099, 251, 30, 573, 0, 0, 9.52%, 0, 0, 27, 8755.00, 29402030, 760, 0, 0
3104, 251, 334, 573, 0, 0, 9.52%, 0, 0, 27, 9299.52, 29449935, 760, 0, 0
3109, 251, 229, 573, 0, 0, 9.52%, 0, 0, 27, 7708.77, 29497203, 760, 0, 0
3114, 251, 334, 573, 0, 0, 9.52%, 0, 0, 27, 9097.77, 29531415, 760, 0, 0
3119, 252, 257, 573, 0, 0, 9.52%, 0, 0, 27, 8816.44, 29575365, 760, 0, 0
3125, 252, 520, 573, 0, 0, 9.52%, 0, 0, 27, 10178.91, 29623637, 760, 0, 0
3130, 252, 499, 573, 0, 0, 9.52%, 0, 0, 27, 10081.56, 29673865, 760, 0, 0
3135, 252, 557, 573, 0, 0, 9.52%, 0, 0, 27, 9658.15, 29720696, 760, 0, 0
3140, 253, 488, 573, 0, 0, 9.52%, 0, 0, 27, 9347.60, 29756484, 760, 0, 0
3145, 253, 344, 573, 0, 0, 9.52%, 0, 0, 27, 10141.99, 29808168, 760, 0, 0
3150, 253, 559, 573, 0, 0, 9.52%, 0, 0, 27, 8414.50, 29851481, 760, 0, 0
3155, 253, 94, 573, 0, 0, 9.52%, 0, 0, 27, 9374.66, 29897905, 760, 0, 0
3160, 254, 559, 573, 0, 0, 9.52%, 0, 0, 27, 9903.29, 29950116, 760, 0, 0
3165, 254, 561, 573, 0, 0, 9.52%, 0, 0, 27, 9639.15, 29990786, 760, 0, 0
3170, 254, 136, 574, 1, 0, 9.52%, 0, 0, 27, 9877.50, 30041726, 760, 0, 0
3175, 254, 414, 576, 2, 0, 9.52%, 0, 0, 27, 10090.17, 30088474, 760, 0, 0
3181, 255, 566, 576, 2, 0, 9.52%, 0, 0, 27, 9565.04, 30136476, 760, 0, 0
3186, 255, 328, 576, 2, 0, 9.52%, 0, 0, 27, 9656.25, 30185781, 760, 0, 0
3191, 255, 332, 576, 0, 0, 9.52%, 0, 0, 27, 10194.85, 30238453, 760, 0, 0
3196, 256, 514, 576, 0, 0, 9.52%, 0, 0, 27, 9395.18, 30280213, 760, 0, 0
3201, 256, 467, 576, 0, 0, 9.52%, 0, 0, 27, 9771.38, 30329287, 760, 0, 0
3206, 256, 291, 576, 0, 0, 9.52%, 0, 0, 27, 9701.48, 30379908, 760, 0, 0
3211, 256, 566, 576, 0, 0, 9.52%, 0, 0, 27, 7802.22, 30430297, 760, 0, 0
3218, 257, 555, 576, 0, 0, 9.52%, 0, 0, 27, 9404.74, 30493305, 760, 0, 0
3224, 257, 488, 576, 0, 0, 9.52%, 0, 0, 27, 9743.81, 30542246, 760, 0, 0
3229, 257, 557, 576, 0, 0, 9.52%, 0, 0, 27, 9570.44, 30591516, 760, 0, 0
3234, 258, 75, 576, 0, 0, 9.52%, 0, 0, 27, 9566.75, 30639379, 760, 0, 0
3239, 258, 415, 576, 0, 0, 9.52%, 0, 0, 27, 8649.51, 30677911, 760, 0, 0
3244, 258, 506, 576, 0, 0, 9.52%, 0, 0, 27, 9654.93, 30729271, 760, 0, 0
3249, 258, 350, 576, 0, 0, 9.52%, 0, 0, 27, 9795.90, 30780163, 760, 0, 0
3254, 259, 317, 576, 0, 0, 9.52%, 0, 0, 27, 9970.23, 30824611, 760, 0, 0
3259, 259, 522, 576, 0, 0, 9.52%, 0, 0, 27, 9061.26, 30864228, 760, 0, 0
3265, 259, 384, 576, 0, 0, 9.52%, 0, 0, 27, 9878.64, 30914840, 760, 0, 0
3270, 259, 505, 576, 0, 0, 9.52%, 0, 0, 27, 9380.17, 30962665, 760, 0, 0
3275, 260, 334, 576, 0, 0, 9.52%, 0, 0, 27, 9226.75, 31008273, 760, 0, 0
3280, 260, 1, 576, 0, 0, 9.52%, 0, 0, 27, 9940.66, 31059028, 760, 0, 0
3285, 260, 488, 576, 0, 0, 9.52%, 0, 0, 27, 10086.10, 31106545, 760, 0, 0
3290, 261, 499, 576, 0, 0, 9.52%, 0, 0, 27, 10649.50, 31153321, 760, 0, 0
3295, 261, 566, 576, 0, 0, 9.52%, 0, 0, 27, 9918.88, 31202518, 760, 0, 0
3300, 261, 557, 576, 0, 0, 9.52%, 0, 0, 27, 9799.25, 31250164, 760, 0, 0
3305, 261, 563, 576, 0, 0, 9.52%, 0, 0, 27, 9350.59, 31292604, 760, 0, 0
3310, 262, 557, 576, 0, 0, 9.52%, 0, 0, 27, 9067.66, 31338532, 760, 0, 0
3315, 262, 506, 576, 0, 0, 9.52%, 0, 0, 27, 9767.05, 31390588, 760, 0, 0
3321, 262, 105, 576, 0, 0, 9.52%, 0, 0, 27, 9613.66, 31436680, 760, 0, 0
3326, 262, 403, 576, 0, 0, 9.52%, 0, 0, 27, 9683.04, 31475694, 760, 0, 0
3331, 263, 85, 576, 0, 0, 9.52%, 0, 0, 27, 9076.92, 31520736, 760, 0, 0
3336, 263, 497, 576, 0, 0, 9.52%, 0, 0, 27, 9394.17, 31565554, 760, 0, 0
3341, 263, 316, 576, 0, 0, 9.52%, 0, 0, 27, 9446.32, 31614192, 760, 0, 0
3346, 264, 551, 576, 0, 0, 9.52%, 0, 0, 27, 5860.87, 31661590, 760, 0, 0
3351, 264, 472, 576, 0, 0, 9.52%, 0, 0, 27, 7208.49, 31702788, 760, 0, 0
3356, 264, 546, 576, 0, 0, 9.52%, 0, 0, 27, 8572.02, 31748580, 760, 0, 0
3362, 264, 481, 576, 0, 0, 9.52%, 0, 0, 27, 8914.12, 31796829, 760, 0, 0
3367, 265, 520, 576, 0, 0, 9.52%, 0, 0, 27, 9626.17, 31845961, 760, 0, 0
3372, 265, 293, 576, 0, 0, 9.52%, 0, 0, 27, 10184.63, 31885389, 760, 0, 0
3377, 265, 551, 576, 0, 0, 9.52%, 0, 0, 27, 9938.89, 31934650, 760, 0, 0
3382, 265, 504, 576, 0, 0, 9.52%, 0, 0, 27, 10294.65, 31987785, 760, 0, 0
3387, 266, 507, 576, 0, 0, 9.52%, 0, 0, 27, 10628.94, 32035692, 760, 0, 0
3392, 266, 350, 576, 0, 0, 9.52%, 0, 0, 27, 10084.16, 32081396, 760, 0, 0
3397, 266, 506, 576, 0, 0, 9.52%, 0, 0, 27, 9579.12, 32122539, 760, 0, 0
3402, 266, 560, 576, 0, 0, 9.52%, 0, 0, 27, 9346.27, 32170095, 760, 0, 0
3408, 267, 15, 576, 0, 0, 9.52%, 0, 0, 27, 9124.00, 32213952, 760, 0, 0
3413, 267, 311, 576, 0, 0, 9.52%, 0, 0, 27, 10066.40, 32264797, 760, 0, 0
3418, 267, 557, 577, 1, 0, 9.52%, 0, 0, 27, 9921.46, 32314715, 760, 0, 0
3423, 268, 192, 577, 1, 0, 9.52%, 0, 0, 27, 10198.07, 32363505, 760, 0, 0
3428, 268, 505, 577, 1, 0, 9.52%, 0, 0, 27, 10437.93, 32406478, 760, 0, 0
3433, 268, 221, 577, 1, 0, 9.52%, 0, 0, 27, 8918.45, 32445318, 760, 0, 0
3438, 268, 369, 577, 1, 0, 9.52%, 0, 0, 27, 11052.20, 32493982, 760, 0, 0
3443, 268, 334, 577, 0, 0, 9.52%, 0, 0, 27, 10263.88, 32534558, 760, 0, 0
3448, 269, 427, 577, 0, 0, 9.52%, 0, 0, 27, 10327.58, 32586475, 760, 0, 0
3453, 269, 79, 577, 0, 0, 9.52%, 0, 0, 27, 9561.95, 32620130, 760, 0, 0
3458, 269, 361, 577, 0, 0, 9.52%, 0, 0, 27, 9118.43, 32663480, 760, 0, 0
3463, 270, 465, 577, 0, 0, 9.52%, 0, 0, 27, 8968.94, 32709312, 760, 0, 0
3469, 270, 499, 577, 0, 0, 9.52%, 0, 0, 27, 9629.85, 32756763, 760, 0, 0
3474, 270, 346, 577, 0, 0, 9.52%, 0, 0, 27, 8989.01, 32793553, 760, 0, 0
3479, 270, 265, 577, 0, 0, 9.52%, 0, 0, 27, 11454.92, 32836262, 760, 0, 0
3484, 271, 565, 578, 1, 0, 9.52%, 0, 0, 27, 9873.47, 32884231, 760, 0, 0
3489, 271, 410, 578, 0, 0, 9.52%, 0, 0, 27, 9579.90, 32934748, 760, 0, 0
3494, 271, 414, 578, 0, 0, 9.52%, 0, 0, 27, 10365.92, 32987762, 760, 0, 0
3499, 272, 561, 578, 0, 0, 9.52%, 0, 0, 27, 9952.58, 33039893, 760, 0, 0
3505, 272, 563, 578, 0, 0, 9.52%, 0, 0, 27, 9639.31, 33089042, 760, 0, 0
3510, 272, 136, 578, 0, 0, 9.52%, 0, 0, 27, 9003.99, 33132079, 760, 0, 0
3515, 272, 565, 579, 1, 0, 9.52%, 0, 0, 27, 9634.81, 33180112, 760, 0, 0
3520, 273, 136, 579, 1, 0, 9.52%, 0, 0, 27, 8919.72, 33218624, 760, 0, 0
3525, 273, 522, 579, 1, 0, 9.52%, 0, 0, 27, 8738.26, 33263921, 760, 0, 0
3530, 273, 566, 579, 0, 0, 9.52%, 0, 0, 27, 9684.41, 33308034, 760, 0, 0
3535, 273, 488, 579, 0, 0, 9.52%, 0, 0, 27, 8962.71, 33352161, 760, 0, 0
3540, 274, 564, 579, 0, 0, 9.52%, 0, 0, 27, 7596.92, 33389121, 760, 0, 0
3545, 274, 261, 579, 0, 0, 9.52%, 0, 0, 27, 8756.68, 33433822, 760, 0, 0
3550, 274, 56, 579, 0, 0, 9.52%, 0, 0, 27, 9672.54, 33482953, 760, 0, 0
3555, 274, 226, 580, 1, 0, 9.52%, 0, 0, 27, 9460.21, 33531842, 760, 0, 0
3561, 275, 491, 581, 1, 0, 9.52%, 0, 0, 27, 9007.92, 33578088, 760, 0, 0
3566, 275, 264, 581, 0, 0, 9.52%, 0, 0, 27, 7192.19, 33608808, 760, 0, 0
3571, 275, 432, 581, 0, 0, 9.52%, 0, 0, 27, 8741.42, 33660413, 760, 0, 0
3577, 275, 550, 581, 0, 0, 9.52%, 0, 0, 27, 8394.41, 33703138, 760, 0, 0
3582, 276, 499, 581, 0, 0, 9.52%, 0, 0, 27, 7611.37, 33742225, 760, 0, 0
3587, 276, 482, 581, 0, 0, 9.52%, 0, 0, 27, 8692.30, 33787654, 760, 0, 0
3592, 276, 454, 581, 0, 0, 9.52%, 0, 0, 27, 9637.82, 33829780, 760, 0, 0
3597, 276, 257, 581, 0, 0, 9.52%, 0, 0, 27, 9706.89, 33879541, 760, 0, 0
3600, 277, 566, 581, 0, 0, 9.52%, 0, 0, 27, 9800.90, 33903623, 760, 0, 0
